# MODIS Terra GEOGRAPHIC METADATA TEXT FILE day 2017-04-02\n# NFiles = 288, max geo IngestTime = 2017-04-03 07:50:45.120804\n# GranuleID,StartDateTime,ArchiveSet,OrbitNumber,DayNightFlag,EastBoundingCoord,NorthBoundingCoord,SouthBoundingCoord,WestBoundingCoord,GRingLongitude1,GRingLongitude2,GRingLongitude3,GRingLongitude4,GRingLatitude1,GRingLatitude2,GRingLatitude3,GRingLatitude4
MOD03.A2017092.0000.006.2017093001156.hdf,2017-04-02 00:00,6,91957,D,-131.282893084302,83.7081737675875,59.2145468577672,135.664470135863,133.173254675206,-131.28086042642,-166.083827305608,148.816552627907,83.17239546699,70.2487033287984,58.9689876365232,65.2549030494697
MOD03.A2017092.0005.006.2017093001140.hdf,2017-04-02 00:05,6,91957,D,-166.667576096282,65.7865598516585,43.5267073486858,148.393113994735,148.026188186016,-166.666090655299,178.501934402021,148.396764878915,65.7420753098154,59.2752956871973,43.377580378129,47.4561029325089
MOD03.A2017092.0010.006.2017093001216.hdf,2017-04-02 00:10,6,91957,D,178.012889119846,47.884897336612,26.4756427816992,146.40261391293,148.084837026284,178.015986372634,170.175553777497,146.38097371707,47.90441767149,43.5946463613884,26.393961044768,29.624960930066
MOD03.A2017092.0015.006.2017093001236.hdf,2017-04-02 00:15,6,91957,D,169.831557782438,29.9544145361961,8.88457664098688,143.548678412009,146.226693326808,169.83656916477,164.723867746718,143.526023609672,29.9836302987576,26.5463191165968,8.85088338414451,11.8164612491611
MOD03.A2017092.0020.006.2017093001220.hdf,2017-04-02 00:20,6,91957,D,164.539923435396,12.0204137523922,-8.94627897813244,139.813285363591,143.452150837187,164.546199069001,160.723992095065,139.806308759952,12.0517660853124,8.95614868082465,-8.95425418087953,-5.8932892931084
MOD03.A2017092.0025.006.2017093001231.hdf,2017-04-02 00:25,6,91957,D,160.709598801805,-5.81964022090898,-26.8551404968928,134.753644495655,139.791784194428,160.878016019965,157.792731522013,134.744810155227,-5.79584453674859,-8.89216495111256,-26.9976609693152,-23.4912695672621
MOD03.A2017092.0030.006.2017093001228.hdf,2017-04-02 00:30,6,91957,D,157.819665412327,-23.4193363051539,-44.7417996748892,127.135070544954,134.773121270194,158.167377821617,155.751563792897,127.093873862138,-23.4049337432492,-26.8005706624435,-45.0119201793728,-40.5644518622183
MOD03.A2017092.0035.006.2017093001311.hdf,2017-04-02 00:35,6,91957,D,155.789734733446,-40.5024279870921,-62.5725236889107,113.559751925347,127.169710373917,156.344258486547,155.250250994851,113.333864756083,-40.4912821525346,-44.6698042324636,-62.9120371903098,-56.3928522953947
MOD03.A2017092.0040.006.2017093001538.hdf,2017-04-02 00:40,6,91957,D,162.996995144628,-56.4119652531678,-80.5020596712956,83.2126063522467,113.640044594697,156.165364005814,163.479100994913,82.856165736444,-56.4065510858566,-62.4374386152355,-80.6055006009311,-68.4499915456404
MOD03.A2017092.0045.006.2017093001707.hdf,2017-04-02 00:45,6,91957,B,180,-68.68274241151,-89.9892971115785,-180,83.4043815840569,164.914148021043,-52.5107324476948,31.6076644919922,-68.6820620134839,-79.9952627226202,-80.8187331291866,-68.8850036234281
MOD03.A2017092.0050.006.2017093001356.hdf,2017-04-02 00:50,6,91957,N,31.4017750581678,-57.5265690492514,-81.7065709051383,-53.6778848936814,31.403785625981,-55.535996650543,-43.9474068553647,-0.132286196736759,-69.2300736524568,-81.2360678029045,-63.3231305690883,-57.2758719635913
MOD03.A2017092.0055.006.2017093001249.hdf,2017-04-02 00:55,6,91957,N,-0.745884918261914,-41.7668543098409,-63.8635912129195,-44.3766112914777,-0.744475512320976,-44.522851431894,-44.3755650541321,-14.5182997095803,-57.5925106599213,-63.8213509721869,-45.604265868088,-41.6046334226952
MOD03.A2017092.0100.006.2017093001114.hdf,2017-04-02 01:00,6,91957,N,-15.0631245448762,-24.7375318847046,-46.0326718057424,-46.3321794515849,-15.0609237203863,-44.5551507713633,-46.3538577003031,-22.540799711081,-41.8391921874527,-46.0500778376328,-27.8321739667792,-24.6428513207529
MOD03.A2017092.0105.006.2017093001135.hdf,2017-04-02 01:05,6,91957,N,-22.9544857492758,-7.17026368008166,-28.1520650866995,-49.1587685107592,-22.9502276166427,-46.3874906918169,-49.1791317329828,-27.8967509445211,-24.8111060450905,-28.1734211018424,-10.0542526317488,-7.12523218768248
MOD03.A2017092.0110.006.2017093001149.hdf,2017-04-02 01:10,6,91957,N,-28.1586564145917,10.6558703653489,-10.2425332929887,-52.912430931461,-28.1530980569362,-49.1545717335951,-52.9185047497701,-31.8811282869717,-7.24354888224883,-10.2606936209513,7.66787217576595,10.6891609157323
MOD03.A2017092.0115.006.2017093001141.hdf,2017-04-02 01:15,6,91958,N,-31.9763194563781,28.5845158035479,7.59558334221399,-58.0676353254183,-31.8893746453074,-52.9024348691188,-58.1408959960517,-34.9187348448556,10.5912641653371,7.57874187769988,25.2641923716561,28.7403317685492
MOD03.A2017092.0120.006.2017093001117.hdf,2017-04-02 01:20,6,91958,N,-34.8892340988936,46.5159194181067,25.2100832849804,-65.9480848850911,-34.6183715978585,-58.0473094473144,-66.1237092022426,-36.9983117571577,28.5245540379201,25.1965482055113,42.3322587443479,46.7929442202955
MOD03.A2017092.0125.006.2017093001159.hdf,2017-04-02 01:25,6,91958,N,-36.9586551956367,64.418527736623,42.3153283843111,-80.4653714219142,-36.4684850391942,-65.9131603956225,-80.808724806353,-37.4836013368824,46.4437418421027,42.3064135394916,58.0885915465303,64.7563213373994
MOD03.A2017092.0130.006.2017093001302.hdf,2017-04-02 01:30,6,91958,B,-27.7777461551711,82.3411250706148,58.1595366103859,-113.753900917856,-36.6225758585278,-80.3831053839927,-114.090749235383,-27.0677201645975,64.2846728834838,58.1560809408613,69.4966420890309,82.4129492363603
MOD03.A2017092.0135.006.2017093001544.hdf,2017-04-02 01:35,6,91958,D,180,89.9930550699964,68.5729430356025,-180,-25.4118482120156,-113.55698421616,-166.304619185053,119.041359584445,81.8020861599855,69.7659611024018,68.2424973870751,78.9560037275427
MOD03.A2017092.0140.006.2017093001230.hdf,2017-04-02 01:40,6,91958,D,-166.657067515345,79.6949245843761,55.9129624336586,118.316402121526,116.691775731284,-166.655050718439,164.680041421342,124.25679649445,79.3961171172789,68.6089233817818,55.6924286220297,61.2749675364661
MOD03.A2017092.0145.006.2017093001242.hdf,2017-04-02 01:45,6,91958,D,164.103068889231,61.7755512512882,39.7832620368114,123.318419168703,123.640547991487,164.104409600213,151.527680879824,123.313685631659,61.7603517657878,55.9769854776978,39.65145648068,43.4651990753543
MOD03.A2017092.0150.006.2017093001221.hdf,2017-04-02 01:50,6,91958,D,151.070439077916,43.8744283439574,22.5705261334006,121.108278450746,123.045409984012,151.074035079579,144.058343302124,121.084729737554,43.8967626483828,39.8518018231112,22.5008908542141,25.6343844854782
MOD03.A2017092.0155.006.2017093001224.hdf,2017-04-02 01:55,6,91958,D,143.74763877955,25.9373935940215,4.90774271215303,118.075572007371,120.953935347359,143.752980419444,139.009129579316,118.055199337117,25.9677278198462,22.6416340811258,4.88244332777468,7.84076528699128
MOD03.A2017092.0200.006.2017093001205.hdf,2017-04-02 02:00,6,91958,D,138.862511911378,8.01427446304778,-12.9517903093363,114.097322633576,117.992581078974,138.889575296476,135.259037246759,114.090405685838,8.0453221358303,4.97613953495602,-12.9883453408329,-9.86007313095828
MOD03.A2017092.0205.006.2017093001210.hdf,2017-04-02 02:05,6,91958,D,135.267654595595,-9.78636297417548,-30.8628934396368,108.605561285317,114.083197232045,135.474363020157,132.530405175772,108.597546134794,-9.76337411380715,-12.899148258359,-31.0351448083788,-27.371481912906
MOD03.A2017092.0210.006.2017093001220.hdf,2017-04-02 02:10,6,91958,D,132.561230025382,-27.2993338270834,-48.7356455470261,100.10581432255,108.628067856067,132.953263635772,130.731314000115,100.016515364124,-27.2842657535451,-30.8059893772414,-49.0293272449207,-44.2539214368396
MOD03.A2017092.0215.006.2017093001214.hdf,2017-04-02 02:15,6,91958,D,130.901430344915,-44.2081696764393,-66.5664882071,84.1522350273552,100.14637751393,131.362141734747,130.885701862623,83.8795787789701,-44.1982904584674,-48.6576634303318,-66.8954632653931,-59.5928150667066
MOD03.A2017092.0220.006.2017093001437.hdf,2017-04-02 02:20,6,91958,B,147.302358631507,-59.6416452654331,-84.4087676285437,47.9674435523464,84.2514146131608,131.796824051674,148.84580637239,47.701137241847,-59.6368598265932,-66.3972395647383,-84.2540177702912,-69.8587269047912
MOD03.A2017092.0225.006.2017093001652.hdf,2017-04-02 02:25,6,91958,N,180,-67.2890643739564,-89.9912689922573,-180,48.1883183471691,150.31244045253,-72.7228309234796,-2.69226299208326,-70.1625997423671,-83.58960411373,-76.9618486598518,-66.9999117733334
MOD03.A2017092.0230.006.2017093001321.hdf,2017-04-02 02:30,6,91958,N,-3.03285491117865,-54.1893081653403,-77.7113914451471,-73.298053041096,-3.03091355661143,-74.5427608415439,-68.5206192736237,-29.0181975658928,-67.3321431716697,-77.4288907492029,-59.3624894407646,-53.9607099041159
MOD03.A2017092.0235.006.2017093001145.hdf,2017-04-02 02:35,6,91958,N,-29.6314804554691,-38.0248683419175,-59.868363685916,-69.4100455912205,-29.6302033159257,-68.9122966370399,-69.4184604170124,-41.3954142096284,-54.2580813542827,-59.8559452187527,-41.6267752978831,-37.8799020643482
MOD03.A2017092.0240.006.2017093001211.hdf,2017-04-02 02:40,6,91958,N,-41.9110622667582,-20.8395427347421,-42.0329016210095,-71.6163169905674,-41.9083163309503,-69.5886963807259,-71.6393096227915,-48.6276303701459,-38.0979475685805,-42.0502398853905,-23.8508049261355,-20.7553031666844
MOD03.A2017092.0245.006.2017093001209.hdf,2017-04-02 02:45,6,91958,N,-49.0196818170337,-3.19438124076363,-24.1405001517713,-74.6332263459786,-49.0145005852355,-71.6584251874313,-74.6514979458695,-53.6131094018287,-20.9130101696443,-24.1628454657186,-6.07790357045388,-3.15917503419493
MOD03.A2017092.0250.006.2017093001210.hdf,2017-04-02 02:50,6,91958,N,-53.8348491810865,14.666283989915,-6.23737478588687,-78.637517790378,-53.8264611412464,-74.6254262030799,-78.6567140143883,-57.3724771754571,-3.26756380215023,-6.25563850081139,11.6365644562668,14.7241902353077
MOD03.A2017092.0255.006.2017093001128.hdf,2017-04-02 02:55,6,91959,N,-57.418811414653,32.6023417809162,11.5673056520734,-84.2410774564442,-57.2912365457775,-78.62595845199,-84.3316714593175,-60.1844645119141,14.6043238477949,11.5512059517645,29.1482395263718,32.7870445147605
MOD03.A2017092.0300.006.2017093001129.hdf,2017-04-02 03:00,6,91959,N,-60.1509256583664,50.5246988107359,29.0998060481018,-93.0949640866823,-59.8391247570785,-84.2179617609032,-93.3101972686444,-62.027324716668,32.5409516081573,29.0873515817909,46.0228805185526,50.8254735091314
MOD03.A2017092.0305.006.2017093001156.hdf,2017-04-02 03:05,6,91959,N,-61.7458699125809,68.4307720570546,46.0218204473926,-110.30704695052,-61.431108505639,-93.0543713527546,-110.691328187199,-61.7565420141062,50.4479215133115,46.0145949667575,61.2322772756566,68.7568468119125
MOD03.A2017092.0310.006.2017093001247.hdf,2017-04-02 03:10,6,91959,B,-36.6969155154995,86.3540344853803,61.3361870209793,-150.144137523789,-60.7520466390821,-110.207048786103,-150.315965349783,-33.6106045142072,68.2577466132998,61.3344679271904,70.6254353515884,85.9950067128505
MOD03.A2017092.0315.006.2017093001424.hdf,2017-04-02 03:15,6,91959,D,180,89.9960454823003,66.3952374874411,-180,-33.7106055366502,-149.922031917909,160.329670661084,97.0697628946638,85.3541604826551,70.9304451690271,66.0820991747205,75.1195781128799
MOD03.A2017092.0320.006.2017093001209.hdf,2017-04-02 03:20,6,91959,D,159.839289858833,75.7710914325215,52.4685771945236,96.6676292871183,95.4573425762508,159.84361140801,136.179447091112,99.5092501101067,75.586597194656,66.4430547082849,52.2678358169524,57.2908497014151
MOD03.A2017092.0325.006.2017093001108.hdf,2017-04-02 03:25,6,91959,D,135.610336702269,57.7679020796919,35.9915526671544,98.2212954645319,99.0651685861561,135.616557279263,124.809344687549,98.2072275648304,57.7734945824226,52.5329114709194,35.877547308637,39.4734068046735
MOD03.A2017092.0330.006.2017093001129.hdf,2017-04-02 03:30,6,91959,D,124.392010636782,39.8614784333024,18.6454218764564,95.7785884151521,97.9437278356187,124.396074144238,118.057912622254,95.7541824822709,39.8844240845363,36.0606891052762,18.5873948394147,21.6501239214073
MOD03.A2017092.0335.006.2017093001144.hdf,2017-04-02 03:35,6,91959,D,117.783245770625,21.9229668895351,0.92350971879944,92.5548132482615,95.6378397876191,117.788865219236,113.359977321518,92.5375418591785,21.9541988482597,18.716815322882,0.905188163026211,3.87400869796567
MOD03.A2017092.0340.006.2017093001113.hdf,2017-04-02 03:40,6,91959,D,113.245786110136,4.01739107756871,-16.9579165763838,88.3091953783443,92.4881071152524,113.321291579079,109.863434978492,88.3020110153372,4.04792473871038,0.98507692776037,-17.0253142048083,-13.8094722362733
MOD03.A2017092.0345.006.2017093001202.hdf,2017-04-02 03:45,6,91959,D,109.876618149396,-13.7357720182867,-34.8658624438891,82.3306933369505,88.3158684079789,110.123076838093,107.321924126897,82.322439936887,-13.7170070802445,-16.9057755468539,-35.0669983892984,-31.2215942602956
MOD03.A2017092.0350.006.2017093001138.hdf,2017-04-02 03:50,6,91959,D,107.357065489511,-31.14956017871,-52.7205396758051,72.7371467317349,82.3564191380017,107.788195038783,105.798294414696,72.6127136155502,-31.1358711880933,-34.8053807580067,-53.038910645842,-47.8740702092555
MOD03.A2017092.0355.006.2017093001252.hdf,2017-04-02 03:55,6,91959,D,106.818132023405,-47.8424056813889,-70.5557893884038,53.7609147190857,72.7854813916806,106.421429196179,106.836716870122,53.4456367174575,-47.8338100479246,-52.6368999753338,-70.8634803661644,-62.5667226945769
MOD03.A2017092.0400.006.2017093001620.hdf,2017-04-02 04:00,6,91959,B,155.655722761793,-62.651299387613,-88.3979072832095,11.2495322085365,53.8891693499165,107.949479132628,162.925618531119,11.183868488939,-62.6447467051872,-70.336862452898,-87.1474124840359,-70.5688593836388
MOD03.A2017092.0405.006.2017093001634.hdf,2017-04-02 04:05,6,91959,N,180,-64.9366086906116,-89.9899803834219,-180,11.4960611728334,157.777457426577,-95.2695402813282,-35.1839073580037,-70.890871127314,-86.5442652815972,-73.1498496747921,-64.6379073099333
MOD03.A2017092.0410.006.2017093001243.hdf,2017-04-02 04:10,6,91959,N,-35.682791435513,-50.7239601401522,-73.8096292212021,-95.5934653059825,-35.6809878663287,-96.5572461559483,-93.2685025444972,-57.249380002388,-64.9899637243757,-73.6286406571176,-55.40234651915,-50.51563299239
MOD03.A2017092.0415.006.2017093001143.hdf,2017-04-02 04:15,6,91959,N,-57.8522317354097,-34.248200889908,-55.8807988899431,-94.5678379915478,-57.8510674912007,-93.6088228823417,-94.5803032064025,-68.0292643373978,-50.7947778391911,-55.8857860962111,-37.654359864187,-34.112653667398
MOD03.A2017092.0420.006.2017093001202.hdf,2017-04-02 04:20,6,91959,N,-68.5398623680361,-16.9208297459457,-38.0371389451511,-96.9377618851101,-68.5390213811347,-94.6817676414834,-96.9616179755167,-74.6281980593721,-34.3212798077598,-38.0595497724869,-19.8690411734994,-16.8547014887005
MOD03.A2017092.0425.006.2017093001132.hdf,2017-04-02 04:25,6,91959,N,-74.9550937370645,0.78742602398461,-20.1339287120667,-100.150701677305,-74.9501773775688,-96.9664464651179,-100.165283729634,-79.2512773011398,-16.9944252467341,-20.1549998053238,-2.11333776237845,0.815949171741309
MOD03.A2017092.0430.006.2017093001127.hdf,2017-04-02 04:30,6,91959,N,-79.4463003492135,18.6755712354619,-2.24072855749284,-104.434484464129,-79.4396529176753,-100.141284861486,-104.468923275879,-82.8232170926611,0.713632802169798,-2.25908427178476,15.5878079243379,18.7587290535974
MOD03.A2017092.0435.006.2017093001124.hdf,2017-04-02 04:35,6,91960,N,-82.8206052610103,36.6154568998298,15.5220580297987,-110.537220695456,-82.6563529913177,-104.421396810727,-110.67217585669,-85.4138210448174,18.6151423730466,15.5065544023473,32.999290994627,36.8278219201021
MOD03.A2017092.0440.006.2017093001157.hdf,2017-04-02 04:40,6,91960,N,-85.3770993177474,54.5274446562799,32.965396467185,-120.595147842564,-85.0108791080453,-110.511674306007,-120.842942686925,-86.9651305205433,36.5523939787357,32.9549721788342,49.6471365355495,54.8514835233129
MOD03.A2017092.0445.006.2017093001141.hdf,2017-04-02 04:45,6,91960,N,-85.5753290525297,72.4414973255345,49.6628568556868,-141.264924308758,-86.2997489236629,-120.547185154223,-141.663085794679,-85.5408572569975,54.4442029516118,49.6582324257386,64.1343972323601,72.7418007639759
MOD03.A2017092.0450.006.2017093001315.hdf,2017-04-02 04:50,6,91960,B,180,89.9965298991144,64.2662895143507,-180,-84.3880003539824,-141.151333156702,172.604666795639,12.3461865898544,72.2141387399975,64.2655518200653,70.9525725909704,87.4355233380146
MOD03.A2017092.0455.006.2017093001315.hdf,2017-04-02 04:55,6,91960,D,172.791755762782,89.6829689580239,63.73781537663,0.72578640484176,-0.247550788627274,172.793481464469,128.292844763348,73.7237949991402,87.1815084552637,71.2908852726468,63.4528791086607,71.1660474518755
MOD03.A2017092.0500.006.2017093001120.hdf,2017-04-02 05:00,6,91960,D,127.742368785133,71.7603049680038,48.9951149974706,73.4790459540969,72.5802400512775,127.744100587945,108.322776443621,74.6304273319416,71.6488018852884,63.7912876696889,48.8072503603535,53.3960033321222
MOD03.A2017092.0505.006.2017093001214.hdf,2017-04-02 05:05,6,91960,D,107.747890790213,53.8513285057151,32.1860142082304,73.0932964148857,74.3284811951385,107.756662760948,98.2919743985407,73.062137479844,53.8689523922995,49.0613637588362,32.0679685637256,35.4794643115146
MOD03.A2017092.0510.006.2017093001142.hdf,2017-04-02 05:10,6,91960,D,97.8267222533306,35.8450922329124,14.702439363346,70.4052574479101,72.7828452432074,97.837420663136,92.0704815346664,70.3808171563815,35.8767434640902,32.2535798249226,14.6715717708307,17.6627990448079
MOD03.A2017092.0515.006.2017093001142.hdf,2017-04-02 05:15,6,91960,D,91.91889425854,17.9107268965329,-3.06932673789746,66.9865177382194,70.2830078373342,91.9248093225163,87.7678933556408,66.9731691887758,17.9423393384924,14.7743659497179,-3.08025434441483,-0.0852525530173656
MOD03.A2017092.0520.006.2017093001208.hdf,2017-04-02 05:20,6,91960,D,87.6969877781675,0.028022528916926,-20.9641920565169,62.4399086336732,66.9348903623957,87.8067546380306,84.507992240005,62.4324652610603,0.0564771807563464,-3.01081739154476,-21.062425124758,-17.7415143647627
MOD03.A2017092.0525.006.2017093001215.hdf,2017-04-02 05:25,6,91960,D,84.5261471772484,-17.6678788581487,-38.8647353155848,55.8858217723481,62.4540217737113,84.811365094233,82.1578846676967,55.8630488088089,-17.6510283849372,-20.9114111048799,-39.0941020287009,-35.0322775466309
MOD03.A2017092.0530.006.2017093001203.hdf,2017-04-02 05:30,6,91960,D,82.19558619109,-34.9644385793445,-56.7046525463632,44.941048182482,55.915332669346,82.6731303859115,80.9747753377071,44.7776074082769,-34.9517645521284,-38.8001006573302,-57.039316148326,-51.4051135430975
MOD03.A2017092.0535.006.2017093001320.hdf,2017-04-02 05:35,6,91960,D,83.470145728552,-51.3903766344894,-74.5434798815776,22.1344692510254,44.9991740138015,81.6386423549468,83.5639292194426,21.7895137458189,-51.3830048989947,-56.609084501751,-74.8082448989572,-65.2394100529818
MOD03.A2017092.0540.006.2017093001717.hdf,2017-04-02 05:40,6,91960,B,180,-65.367959437726,-89.9928194946597,-180,22.2936986924308,84.8900006823247,-151.700132352532,-25.6826963471353,-65.3622629957337,-74.2502622766581,-86.1320737399644,-70.4661052483381
MOD03.A2017092.0545.006.2017093001520.hdf,2017-04-02 05:45,6,91960,N,-25.5942178228096,-62.1632184852265,-87.6652029914913,-157.665869940788,-25.5855699200151,-161.504292476988,-118.881628434302,-66.494535416297,-70.8154509286182,-86.1909739060396,-69.2218271237602,-61.8768707708848
MOD03.A2017092.0550.006.2017093001244.hdf,2017-04-02 05:50,6,91960,N,-67.0769288514122,-47.2387803158217,-69.8228447668988,-119.090557426652,-67.07528887324,-119.757318436753,-118.139683316739,-84.9098980398662,-62.2229357532093,-69.713719459925,-51.5295909639687,-47.0490630471847
MOD03.A2017092.0555.006.2017093001157.hdf,2017-04-02 05:55,6,91960,N,-85.4923051797679,-30.4218835181305,-51.9863783618201,-119.741412362501,-85.4910565558622,-118.410062289188,-119.758386222179,-94.4642932023198,-47.3098869222911,-51.9997763803132,-33.6805682945394,-30.3064213684857
MOD03.A2017092.0600.006.2017093001041.hdf,2017-04-02 06:00,6,91960,N,-94.9250168961913,-12.9882045892672,-34.0403691689961,-122.299078917363,-94.9213276949508,-119.830148744651,-122.322241100378,-100.490437305494,-30.4950550585573,-34.0615550832789,-15.8975112949237,-12.9284680400582
MOD03.A2017092.0605.006.2017093000739.hdf,2017-04-02 06:05,6,91960,N,-100.80641986391,4.77516838134592,-16.1309654334084,-125.716785987685,-100.801224542134,-122.311991342139,-125.726852070804,-104.84506974987,-13.0616600979324,-16.1510206341151,1.84251329566984,4.79616453594745
MOD03.A2017092.0610.006.2017093000754.hdf,2017-04-02 06:10,6,91961,N,-104.999027239337,22.684706227132,1.74621014854313,-130.318766933806,-104.969746300708,-125.706592607047,-130.367721343826,-108.204132571756,4.70470119686898,1.72876181215722,19.5198692549128,22.797349976069
MOD03.A2017092.0615.006.2017093000729.hdf,2017-04-02 06:15,6,91961,N,-108.183574257856,40.6225153522509,19.4581314354907,-137.063543354208,-108.031735544629,-130.303488552419,-137.197755835383,-110.659844493863,22.6212183731055,19.443387137797,36.8120306300046,40.8621303675467
MOD03.A2017092.0620.006.2017093000747.hdf,2017-04-02 06:20,6,91961,N,-110.619690732346,58.5304883987416,36.7790684168066,-148.632791523073,-110.141865855994,-137.030547769654,-148.914088441759,-111.799543250174,40.559094740723,36.7636296916193,53.1561220195853,58.8612328000732
MOD03.A2017092.0625.006.2017093000800.hdf,2017-04-02 06:25,6,91961,N,-108.565628638169,76.4500566566881,53.1887119645994,-173.665559417216,-111.052325569846,-148.573662428172,-174.083921338688,-108.43004216522,58.4332169633195,53.1832467988148,66.6566773751394,76.6980601208286
MOD03.A2017092.0630.006.2017093001017.hdf,2017-04-02 06:30,6,91961,B,180,89.9975234702552,66.8457071089889,-180,-107.081888939402,-173.513644467145,135.658546258767,31.6659571017966,76.144006834884,66.8449665495523,70.4240086784088,84.6070300876635
MOD03.A2017092.0635.006.2017093000831.hdf,2017-04-02 06:35,6,91961,D,135.603053014041,85.6736973088797,60.7689710483989,28.6905584804021,25.4140631168721,135.605032540349,97.5742962172024,49.7070467018345,84.8872894031109,70.7927823784166,60.5058968829486,67.20132841807
MOD03.A2017092.0640.006.2017093000806.hdf,2017-04-02 06:40,6,91961,D,96.9875298302107,67.7522296938248,45.3501725306506,49.5515976750038,48.8317748563766,96.9890931655648,80.8333132376831,49.6554789145895,67.6902927656701,60.8252850039293,45.1856413461476,49.4110832374765
MOD03.A2017092.0645.006.2017093000812.hdf,2017-04-02 06:45,6,91961,D,80.3153716628287,49.8501526447353,28.3830661872198,47.775586901292,49.3154000000548,80.3163977517786,72.0100229608442,47.7563406479303,49.8698835291529,45.4154136258521,28.3001407066617,31.5822958808926
MOD03.A2017092.0650.006.2017093000808.hdf,2017-04-02 06:50,6,91961,D,71.6710299306364,31.9265002257011,10.7466867508316,45.0292369639429,47.6198149692671,71.6759531989367,66.3362256366645,45.0038043905897,31.9537082157199,28.4535152683193,10.709634816442,13.6810679423138
MOD03.A2017092.0655.006.2017093000822.hdf,2017-04-02 06:55,6,91961,D,66.137956635973,13.8993012153678,-7.06521639152807,41.3646839843258,44.888253287915,66.1441261325446,62.2235012224737,41.3569731386918,13.9311149143007,10.8187202043394,-7.07031217875559,-4.02970760776315
MOD03.A2017092.0700.006.2017093000805.hdf,2017-04-02 07:00,6,91961,D,62.1912976655445,-3.95047918680569,-24.9692886882414,36.4751858034586,41.3286022883725,62.339214373859,59.1885136806356,36.467521611346,-3.92398474258307,-7.00972896845767,-25.0977314596154,-21.6529559775979
MOD03.A2017092.0705.006.2017093000813.hdf,2017-04-02 07:05,6,91961,D,59.2111181603893,-21.5795064061444,-42.8596250828403,29.2387860147432,36.4914946595437,59.5364316727611,57.041974253292,29.1909749066974,-21.5634052486593,-24.9151119145951,-43.1158404275681,-38.7984284128093
MOD03.A2017092.0710.006.2017093000826.hdf,2017-04-02 07:10,6,91961,D,57.0816378878717,-38.7389956663136,-60.6912357063184,16.6082017765051,29.2731194627427,57.6079757234966,56.2917817700203,16.4018732091014,-38.7273988813789,-42.7901623515684,-61.0319389871411,-54.8263797130263
MOD03.A2017092.0715.006.2017093000951.hdf,2017-04-02 07:15,6,91961,D,61.4599081376011,-54.8328463225508,-78.5321799063526,-10.9705606501707,16.679009501905,57.0165211258023,61.7353785993637,-11.3130786661082,-54.8267322027407,-60.5738468085939,-78.7153613618746,-67.5129066943751
MOD03.A2017092.0720.006.2017093001312.hdf,2017-04-02 07:20,6,91961,B,180,-67.6930875739281,-89.9931979563797,-180,-10.7789147004784,63.4615133467835,-155.630787802703,-61.9726996997961,-67.6889525312904,-78.114909207914,-82.6809752978636,-69.5683190980677
MOD03.A2017092.0725.006.2017093001020.hdf,2017-04-02 07:25,6,91961,N,-62.1146065579923,-59.1134886780896,-83.6766806435114,-157.425596795623,-62.1126086654946,-159.742786233409,-142.995545749567,-96.677489774894,-69.9391983835591,-83.0421777672402,-65.273106831728,-58.8509057874345
MOD03.A2017092.0730.006.2017093000827.hdf,2017-04-02 07:30,6,91961,N,-97.2880668581536,-43.59277024774,-65.8330784970513,-143.13333896097,-97.2865850496613,-143.648063372164,-143.104181029357,-112.241840453497,-59.1777764363587,-65.7725421331633,-47.5625457421397,-43.4213516802882
MOD03.A2017092.0735.006.2017093000802.hdf,2017-04-02 07:35,6,91961,N,-112.80154887678,-26.650898337232,-48.0009019791591,-144.947593605283,-112.799646906386,-143.305976704723,-144.968046418106,-120.711583153227,-43.6647670929464,-48.0171445177999,-29.7928841471774,-26.5494486492667
MOD03.A2017092.0740.006.2017093000803.hdf,2017-04-02 07:40,6,91961,N,-121.142390327607,-9.03570213699119,-30.125072502859,-147.702836081801,-121.138309947789,-145.02118962068,-147.724612472027,-126.299484944667,-26.7243989580202,-30.1468395948837,-11.9213795960863,-8.98629349871679
MOD03.A2017092.0745.006.2017093000740.hdf,2017-04-02 07:45,6,91961,N,-126.579910664398,8.77352308986068,-12.125869544024,-151.341971395776,-126.574442835219,-147.701327517034,-151.34791844965,-130.395484525159,-9.10914366934788,-12.1446168124311,5.80103419384587,8.79519428859379
MOD03.A2017092.0750.006.2017093000755.hdf,2017-04-02 07:50,6,91962,N,-130.508995599956,26.6989803054446,5.72908260036678,-156.306442758625,-130.439563117554,-151.33071677032,-156.37117938686,-133.533026776336,8.70756056043817,5.7121746127198,23.4357934128141,26.8409719439857
MOD03.A2017092.0755.006.2017093001059.hdf,2017-04-02 07:55,6,91962,N,-133.507776598331,44.635455594982,23.3786997097357,-163.792049278104,-133.255815352154,-156.28951625228,-163.952153862448,-135.716165967769,26.639787970892,23.3648778634674,40.5832440672141,44.9006259188751
MOD03.A2017092.0800.006.2017093001120.hdf,2017-04-02 08:00,6,91962,N,-135.673948788516,62.5385377715123,40.5607423551423,-177.253356921273,-135.235354372495,-163.757342264768,-177.57524902344,-136.506767831813,44.5650827281942,40.5514943988394,56.5525799625555,62.8787795275813
MOD03.A2017092.0805.006.2017093001104.hdf,2017-04-02 08:05,6,91962,N,-129.680764786955,80.4611453778376,56.6088142559353,152.308434142083,-135.629070674216,-177.180029223619,151.934316089229,-129.271537537251,62.4186603219694,56.6036793692326,68.7293132106715,80.610387368774
MOD03.A2017092.0810.006.2017093001419.hdf,2017-04-02 08:10,6,91962,B,180,89.9946111411258,68.9687182353884,-180,-127.737803623409,152.491356602295,99.7531937830331,17.7336966504412,80.0225994774771,68.9680051597726,69.1234763855807,80.8596402979282
MOD03.A2017092.0815.006.2017093001126.hdf,2017-04-02 08:15,6,91962,D,99.468902987715,81.662928640762,57.5527237628166,16.6815668049159,14.6552642889338,99.4720127470197,67.8965534580974,25.3035247065341,81.2704021400219,69.5043228563293,57.3266962204522,63.2261671308942
MOD03.A2017092.0820.006.2017093001201.hdf,2017-04-02 08:20,6,91962,D,67.3317793414348,63.7433461223637,41.6259834895735,24.6201138594767,24.632425771128,67.3331883437942,53.7192418345651,24.6191650020882,63.7158967621531,57.615556192897,41.4870588250984,45.4239075338866
MOD03.A2017092.0825.006.2017093001123.hdf,2017-04-02 08:25,6,91962,D,53.2501815543661,45.8435218137313,24.4945059738978,22.5078226653828,24.3212642324029,53.2535358157475,45.8534766220759,22.4850639525718,45.8637148013136,41.6944901587491,24.4157588274417,27.5960801360088
MOD03.A2017092.0830.006.2017093001208.hdf,2017-04-02 08:30,6,91962,D,45.5115285215671,27.9117345640744,6.87036206964487,19.5685807178483,22.3481525857508,45.5168885975256,40.6000883549113,19.5469747467973,27.9424224052597,24.5652746702182,6.83759300799113,9.79488929225442
MOD03.A2017092.0835.006.2017093001132.hdf,2017-04-02 08:35,6,91962,D,40.4068713329504,9.98439194966745,-11.0665188919905,15.7065052227279,19.4912036270214,40.4498781452374,36.7094083477231,15.6985658980891,10.0177815929448,6.93640879592752,-11.0856295128941,-7.99811764186923
MOD03.A2017092.0840.006.2017093001210.hdf,2017-04-02 08:40,6,91962,D,36.7142492872326,-7.9254115974602,-28.9767256430843,10.4008441047767,15.6641461213098,36.9159985870608,33.9068642680298,10.3929394167977,-7.89844021945619,-11.0148152687373,-29.1361687870479,-25.5458639401971
MOD03.A2017092.0845.006.2017093001133.hdf,2017-04-02 08:45,6,91962,D,33.9341521991529,-25.4724513194874,-46.8544231084436,2.34269174762751,10.4194727494084,34.3004952541559,31.9843243385772,2.26738671771732,-25.4572486810334,-28.9205615254847,-47.136973212391,-42.5185152100676
MOD03.A2017092.0850.006.2017093001216.hdf,2017-04-02 08:50,6,91962,D,32.0255856962229,-42.4686067150234,-64.6836601593085,-12.4140227002248,2.3831160103754,32.6060481685472,31.8172382093052,-12.6671681534426,-42.4581574609349,-46.7793757658436,-65.0188207363168,-58.1064099533229
MOD03.A2017092.0855.006.2017093001413.hdf,2017-04-02 08:55,6,91962,B,42.6575983087289,-58.1399129157947,-82.5252429707778,-45.7040159228665,-12.3280002883415,32.6045240457602,43.4903288806857,-45.9875574534898,-58.1350875555007,-64.5349113845067,-82.5405013163032,-69.257236962715
MOD03.A2017092.0900.006.2017093001618.hdf,2017-04-02 09:00,6,91962,N,180,-68.304155512765,-89.9904675165659,-180,-45.4786016954825,45.3607639768129,-173.405339511222,-96.9933495077995,-69.4902837757501,-81.8947093734178,-78.8839811647473,-67.9669661073288
MOD03.A2017092.0905.006.2017093001254.hdf,2017-04-02 09:05,6,91962,N,-97.3284051676767,-55.8563558154667,-79.682984794933,-174.185038430147,-97.3264164939245,-175.672414261799,-167.445254087507,-125.939033955688,-68.3418664798594,-79.3241672144397,-61.3172251186829,-55.6158423292797
MOD03.A2017092.0910.006.2017093001109.hdf,2017-04-02 09:10,6,91962,N,-126.558147348086,-39.8779643762796,-61.8390403716703,-168.141776339544,-126.556807361478,-167.940988984418,-168.145063453419,-139.252596236337,-55.9237389766676,-61.8130201111092,-43.5882800146699,-39.72418166566
MOD03.A2017092.0915.006.2017093001142.hdf,2017-04-02 09:15,6,91962,N,-139.784942130938,-22.7629172841738,-44.0055463225737,-170.209571584865,-139.782454988823,-168.299528579982,-170.232156344845,-146.857627207847,-39.9505703408148,-44.0238572626916,-25.8105186122721,-22.6745312270187
MOD03.A2017092.0920.006.2017093001035.hdf,2017-04-02 09:20,6,91962,N,-147.256177101931,-5.15323294637015,-26.1159181997725,-173.136583365745,-147.251735853863,-170.262286971997,-173.156141594467,-152.0150301076,-22.8365108752909,-26.1375285797026,-8.03406847653667,-5.11266390121609
MOD03.A2017092.0925.006.2017093001128.hdf,2017-04-02 09:25,6,91962,N,-152.259930239586,12.6931126185393,-8.2074499955512,-177.011150385088,-152.254260758039,-173.128589752329,-177.025544142277,-155.887664702018,-5.22643136840798,-8.22564530624608,9.68771653684619,12.7390522557487
MOD03.A2017092.0930.006.2017093001052.hdf,2017-04-02 09:30,6,91963,N,-155.9589080677,30.7166051399723,9.61708844588922,177.582470163803,-155.844217273498,-177.000171387685,177.502234115563,-158.821457646808,12.6310315858507,9.60063217813162,27.3313680874624,30.8891267567647
MOD03.A2017092.0935.006.2017093001051.hdf,2017-04-02 09:35,6,91963,N,-158.792160780871,48.6452953030009,27.2791529610196,169.201599939405,-158.49632619598,177.602147125485,169.012020072521,-160.779948043482,30.6563809662728,27.2661892885041,44.3022984510579,48.9349967631509
MOD03.A2017092.0940.006.2017093001110.hdf,2017-04-02 09:40,6,91963,N,-160.736734816229,66.5499668527125,44.2923111349814,153.346433961332,-160.211699529397,169.242207328635,152.972863575782,-160.897067314197,48.5706815316127,44.2841962134808,59.786474526557,66.8826198869384
MOD03.A2017092.0945.006.2017093001127.hdf,2017-04-02 09:45,6,91963,B,-145.400296500172,84.47381930383,59.8744204451289,116.606222056821,-159.952625297866,153.429001565851,116.350829548939,-143.943256770407,66.3970123797185,59.8719750315793,70.1919321312358,84.3866721227843
MOD03.A2017092.0950.006.2017093001624.hdf,2017-04-02 09:50,6,91963,D,180,89.9940679635337,67.4984230791559,-180,-142.684640444742,116.819068384319,65.3930955819548,-2.89819607070857,83.7545815400419,70.4800137916968,67.1771886072418,76.9623665536203
MOD03.A2017092.0955.006.2017093001126.hdf,2017-04-02 09:55,6,91963,D,64.966793650328,77.6510515077286,54.1730046367161,-3.41460498129405,-4.80793645137679,64.9687564697272,39.0730409241187,0.646229321044569,77.4187464870438,67.5400914514427,53.9638732744998,59.2464861582276
MOD03.A2017092.1000.006.2017093001143.hdf,2017-04-02 10:00,6,91963,D,38.5022938723749,59.7347730257195,37.857301845262,-0.483442100657301,0.112673920647948,38.5038156537168,26.8799962953673,-0.49534776326798,59.7315190622706,54.2383165755412,37.7354771861489,41.4334142450771
MOD03.A2017092.1005.006.2017093001135.hdf,2017-04-02 10:05,6,91963,D,26.4461386207099,41.8328024855305,20.5783294258183,-2.79867908006696,-0.742240295265901,26.4499805108018,19.7947156626668,-2.82280309871887,41.8557423592747,37.9263610094836,20.5118768192443,23.6069050351631
MOD03.A2017092.1010.006.2017093001138.hdf,2017-04-02 10:10,6,91963,D,19.4894168430308,23.895301493961,2.88401089531651,-5.92881465976214,-2.94698894174318,19.4950779420247,14.917533320513,-5.94798659026342,23.9270333069111,20.6491933801717,2.86278140378019,5.82279728606694
MOD03.A2017092.1015.006.2017093001130.hdf,2017-04-02 10:15,6,91963,D,14.7899634222659,5.98198140473196,-14.9875624554251,-10.0435566720666,-6.0075580638383,14.8531081876558,11.3124679300119,-10.0506098608403,6.01388893695348,2.9470789629854,-15.0391116271886,-11.8670312472515
MOD03.A2017092.1020.006.2017093001134.hdf,2017-04-02 10:20,6,91963,D,11.3232184504519,-11.7932732681426,-32.9842934435271,-15.8060496935108,-10.0475529876146,11.5546493948507,8.66717566595941,-15.8141543089021,-11.7724365492331,-14.9354946004842,-33.1729576785971,-29.4138919083432
MOD03.A2017092.1025.006.2017093001119.hdf,2017-04-02 10:25,6,91963,D,8.69786911865241,-29.340674138474,-50.8463682314382,-24.8595678090198,-15.7839909566946,9.10754375720118,7.00145830832605,-24.9681130878199,-29.3263785233672,-32.9252370403459,-51.1535414300407,-46.1773820963194
MOD03.A2017092.1030.006.2017093001229.hdf,2017-04-02 10:30,6,91963,D,7.66718953325683,-46.1402748402799,-68.678485203406,-42.31844817732,-24.8126804484367,7.68241674201924,7.66812453658536,-42.6177962058472,-46.1310531089,-50.7653168534934,-68.9960170125424,-61.1966737778879
MOD03.A2017092.1035.006.2017093001428.hdf,2017-04-02 10:35,6,91963,B,35.2984462902178,-61.2629748390013,-86.5205074484047,-81.9005067046542,-42.2123323499989,8.5638403972808,38.7712985834694,-82.0506901943517,-61.2594276224979,-68.4855033161423,-86.0208720961853,-70.3286121875868
MOD03.A2017092.1040.006.2017093001554.hdf,2017-04-02 10:40,6,91963,N,180,-66.1204204016808,-89.989769404031,-180,-81.6546820579168,38.6804720716058,164.955110070965,-130.46522595552,-70.6183177564016,-85.3382363881903,-74.9917503371103,-65.8014438886674
MOD03.A2017092.1045.006.2017093001252.hdf,2017-04-02 10:45,6,91963,N,-130.936496850574,-52.4454286491006,-75.6871778793075,164.536889186789,-130.934622096504,163.501601752101,167.887965085932,-154.476609243532,-66.1682815913223,-75.465615108859,-57.3535932319113,-52.2264610631751
MOD03.A2017092.1050.006.2017093001049.hdf,2017-04-02 10:50,6,91963,N,-155.087648892029,-36.1099049249204,-57.8441975287101,166.761023424158,-155.086431359875,167.505358799667,166.751057316336,-166.00095196972,-52.5150162403951,-57.8415159588798,-39.6098645078742,-35.9722892627803
MOD03.A2017092.1055.006.2017093001036.hdf,2017-04-02 10:55,6,91963,N,-166.505215508498,-18.8498515282775,-40.0045242316528,164.485515247951,-166.502203214854,166.634020012414,164.46195407375,-172.888672235139,-36.1826572405886,-40.0243633579771,-21.8268334449912,-18.7736734279049
MOD03.A2017092.1100.006.2017093001049.hdf,2017-04-02 11:00,6,91963,N,-173.254371099604,-1.17037188553498,-22.1038304026007,161.368464890275,-173.249603478989,164.449840490403,161.352016959074,-177.692245889236,-18.9235834255088,-22.125090402565,-4.06082720858011,-1.13837993252349
MOD03.A2017092.1105.006.2017093001035.hdf,2017-04-02 11:05,6,91963,N,-177.900300317789,16.7063837258473,-4.20342958662545,157.225819109012,-177.894428779979,161.376680588946,157.198040519946,178.643338278499,-1.24373016484748,-4.22134997837543,13.6500063483907,16.7775682254007
MOD03.A2017092.1110.006.2017093001102.hdf,2017-04-02 11:10,6,91964,N,178.618700994632,34.646839140549,13.5827245683039,151.36489885476,178.768466761459,157.237677207617,151.264756504769,175.942538179131,16.6458076338959,13.566943010502,31.1146824473052,34.8455545607665
MOD03.A2017092.1115.006.2017093001054.hdf,2017-04-02 11:15,6,91964,N,175.977688813991,52.6531461201828,31.0696913056741,141.854397417269,176.32331723357,151.389668560819,141.63424077563,174.233713994421,34.5848215493638,31.0577866083455,47.9567514846404,52.9674822106601
MOD03.A2017092.1120.006.2017093001103.hdf,2017-04-02 11:20,6,91964,N,175.039902768033,70.5633423137471,47.960617127535,122.920431847046,174.86871749804,141.902437375216,122.514160752241,175.048742417694,52.5732453242047,47.953761279325,62.8019778821501,70.877416000464
MOD03.A2017092.1125.006.2017093001309.hdf,2017-04-02 11:25,6,91964,B,-136.122247386008,88.4875553815796,62.9259360435148,79.6190373139505,176.127912898469,123.02806301971,79.5555953330983,-128.377437708066,70.3650395828715,62.9246219202675,70.8980190664508,87.3540015792056
MOD03.A2017092.1130.006.2017093001414.hdf,2017-04-02 11:30,6,91964,D,180,89.9941040214582,65.0269379274178,-180,-134.307817731299,79.8492013953982,32.6558554462742,-25.6294795823477,86.7962811774064,71.228061848856,64.7292409676913,73.0215089154484
MOD03.A2017092.1135.006.2017093001135.hdf,2017-04-02 11:35,6,91964,D,32.132502337718,73.6380054126873,50.6633303804947,-25.8796321402205,-27.0110430222714,32.1343143092251,10.8828119815545,-24.1649311094726,73.4928509034389,65.0767797255097,50.4743100332261,55.2647958299294
MOD03.A2017092.1140.006.2017093001130.hdf,2017-04-02 11:40,6,91964,D,10.329575557812,55.7265874633514,34.0484225150851,-25.6556727392531,-24.6144682681514,10.3307366460928,0.27643446577307,-25.6703839631069,55.737635052536,50.7300771226722,33.9365981910409,37.4409224342413
MOD03.A2017092.1145.006.2017093001128.hdf,2017-04-02 11:45,6,91964,D,-0.144390247598287,37.8182215193156,16.6389916214846,-28.1544659127084,-25.8779388734457,-0.141485346621292,-6.17905255510261,-28.1791310280064,37.8461071057971,34.117724024343,16.5894103134448,19.6158321349337
MOD03.A2017092.1150.006.2017093001109.hdf,2017-04-02 11:50,6,91964,D,-6.42027371390731,19.878735191105,-1.1108422830918,-31.475200505778,-28.2837104378356,-6.41461286442564,-10.7006886618618,-31.4906688760567,19.9107443548254,16.7102912235766,-1.12421894461223,1.85572645892804
MOD03.A2017092.1155.006.2017093001139.hdf,2017-04-02 11:55,6,91964,D,-10.7851796268677,1.98436852118218,-18.9992031533167,-35.8700756218315,-31.5338348088668,-10.6951310326319,-14.0715364290234,-35.877382052684,2.01362459950516,-1.05039520573697,-19.0824371442664,-15.8141730875209
MOD03.A2017092.1200.006.2017093001126.hdf,2017-04-02 12:00,6,91964,D,-14.0561508357645,-15.7404385272979,-36.9036976084216,-42.130216257596,-35.857075113172,-13.790035849292,-16.5185604207164,-42.1436141814712,-15.7231441603124,-18.9468854186485,-37.1197379735058,-33.1677655948077
MOD03.A2017092.1205.006.2017092193138.hdf,2017-04-02 12:05,6,91964,D,-16.4821879868048,-33.0971726218722,-54.8384138884525,-52.4466621126728,-42.1025310489639,-16.023099114674,-17.8872618277033,-52.5875841810922,-33.0839328094963,-36.8413415436109,-55.1680517265901,-49.7631369478048
MOD03.A2017092.1210.006.2017092193248.hdf,2017-04-02 12:10,6,91964,D,-15.988162093892,-49.7402960844169,-72.6765224292783,-73.3448535858005,-52.390360069899,-17.1394996013724,-15.9330622668827,-73.6801069853249,-49.7323124188139,-54.7481507213657,-72.9581812775833,-64.0306300273709
MOD03.A2017092.1215.006.2017092193529.hdf,2017-04-02 12:15,6,91964,B,180,-64.1367167115849,-89.9889500455055,-180,-73.213792256402,-14.9447104811576,83.1399373076517,-118.898712500436,-64.1342767891495,-72.4227013466921,-87.2130276178985,-70.6151266325761
MOD03.A2017092.1220.006.2017092193509.hdf,2017-04-02 12:20,6,91964,N,-118.705088156403,-63.5008438266882,-89.5315001275966,72.2672098829978,-118.695537756576,71.1537361600592,141.933969611051,-162.447202200761,-70.94979479526,-86.9790375088407,-71.0683460551278,-63.2041449740464
MOD03.A2017092.1225.006.2017092193207.hdf,2017-04-02 12:25,6,91964,N,-163.000915917112,-48.9162934167041,-71.6883906064938,141.687702306501,-162.99919812631,140.783871457645,143.068087420862,177.558008240704,-63.5563582836863,-71.5457480263378,-53.3872854878436,-48.7174662600822
MOD03.A2017092.1230.006.2017092193108.hdf,2017-04-02 12:30,6,91964,N,176.96299807396,-32.2965005285835,-53.8489164993245,141.609092375657,176.96411168406,142.774589103285,141.594200780225,167.465057935454,-48.9874899280729,-53.8596520711497,-35.6269514743434,-32.1744214822263
MOD03.A2017092.1235.006.2017092193105.hdf,2017-04-02 12:35,6,91964,N,166.991933778161,-14.9152352936894,-35.9976694292627,139.138307326051,166.995414187132,141.505556219893,139.114942712937,161.181336213813,-32.3699363873255,-36.018477912083,-17.8422832776742,-14.850284903676
MOD03.A2017092.1240.006.2017092193104.hdf,2017-04-02 12:40,6,91964,N,160.849012414008,2.82284283680451,-18.0903602514019,135.821678114616,160.854072920801,139.118138643715,135.809392532291,156.687869092681,-14.9886123600842,-18.1109130115656,-0.0929712939079179,2.84713948758074
MOD03.A2017092.1245.006.2017092193102.hdf,2017-04-02 12:45,6,91965,N,156.517096153827,20.7231068377996,-0.203977016439797,131.378699242157,156.527551560841,135.831200620674,131.337682590388,153.219911986487,2.75003065496891,-0.221573135466249,17.5981037455235,20.8208161009838
MOD03.A2017092.1250.006.2017092193105.hdf,2017-04-02 12:50,6,91965,N,153.238146458153,38.6644328815248,17.5342428321778,124.947609455233,153.428697252104,131.392631974894,124.826083378529,150.741915887089,20.6638422304514,17.5191573192509,34.9513836538732,38.89051228663
MOD03.A2017092.1255.006.2017092193137.hdf,2017-04-02 12:55,6,91965,N,150.78035463804,56.5721069313268,34.9139704259025,114.175143072457,151.166779415244,124.975968225162,113.892332111954,149.352849624408,38.5993050723228,34.9030439858117,51.4474327923137,56.9024874820672
MOD03.A2017092.1300.006.2017092193113.hdf,2017-04-02 13:00,6,91965,N,151.589974494961,74.5773285772299,51.4773486361829,91.2260476272059,150.069872903149,114.227987232669,90.8187744694925,151.66713133212,56.4827774183821,51.4729952831304,65.5301939521313,74.8568544495545
MOD03.A2017092.1305.006.2017092193339.hdf,2017-04-02 13:05,6,91965,B,180,89.9944314541101,65.6885258988504,-180,152.909349685317,91.3596724601949,42.4026264683969,-79.6208958169042,74.3130990164281,65.687786492148,70.7716576387866,86.1820443592339
MOD03.A2017092.1310.006.2017092193342.hdf,2017-04-02 13:10,6,91965,D,42.4621096923238,87.5468890851563,62.185062114704,-85.4866380782383,-89.041657579254,42.463994278802,1.34609150920065,-49.3863449282391,86.3184891179006,71.1289955787246,61.9149279142822,69.057020294219
MOD03.A2017092.1315.006.2017092193135.hdf,2017-04-02 13:15,6,91965,D,0.779173563489797,69.6244357644238,47.0506154615756,-49.5661300315464,-50.4184198133024,0.780814720837932,-16.8022125109879,-49.0938540758547,69.5395235416835,62.2407442480979,46.8839070495748,51.2745586087954
MOD03.A2017092.1320.006.2017092193154.hdf,2017-04-02 13:20,6,91965,D,-17.3222451164623,51.7198373087167,30.189826787895,-50.8643297930184,-49.4676556269732,-17.3196799472571,-26.1260364996451,-50.8829460046521,51.7361276591552,47.1187053715849,30.0958341845615,33.4464039361776
MOD03.A2017092.1325.006.2017092193123.hdf,2017-04-02 13:25,6,91965,D,-26.4998401897822,33.7995181587944,12.6818352990211,-53.5438526345999,-51.0603532294073,-26.4951685646817,-32.0216486485543,-53.5679178946142,33.827511096261,30.2599766372031,12.6393189417953,15.6281200084832
MOD03.A2017092.1330.006.2017092193130.hdf,2017-04-02 13:30,6,91965,D,-32.242321492658,15.8615491621499,-5.11223681357282,-57.0667870059703,-53.6550121139215,-32.2362761438648,-36.2690243290914,-57.0780793173097,15.8930342532743,12.7538028272617,-5.12006716149921,-2.10580114169665
MOD03.A2017092.1335.006.2017092193139.hdf,2017-04-02 13:35,6,91965,D,-36.3203404936604,-2.00880510384352,-23.0138737187499,-61.7773928065769,-57.1047747559235,-36.1903459301574,-39.413391491332,-61.7852547606273,-1.98230824885841,-5.05567377995686,-23.1275404699818,-19.7479864755074
MOD03.A2017092.1340.006.2017092193156.hdf,2017-04-02 13:40,6,91965,D,-39.393173594184,-19.6746933560626,-40.910997015533,-68.6490116655064,-61.7626638970882,-39.0869750812378,-41.6626893343061,-68.7001598524908,-19.6589482407014,-22.9606085928043,-41.1542738835258,-36.9693296686457
MOD03.A2017092.1345.006.2017092193145.hdf,2017-04-02 13:45,6,91965,D,-41.6228980731906,-36.9106044738021,-58.7469978320814,-80.4362507073741,-68.6182921717662,-41.1211027929379,-42.6414857142555,-80.589493468955,-36.9005437783603,-40.8437017861714,-59.0877654349533,-53.1854804729709
MOD03.A2017092.1350.006.2017092193247.hdf,2017-04-02 13:50,6,91965,D,-38.6618472144996,-53.1697495564035,-76.6757093864748,-105.753143658508,-80.3717083295899,-41.807492515111,-38.4843525223408,-106.101923612767,-53.1629899029031,-58.6384092874,-76.8957467086049,-66.5138846717231
MOD03.A2017092.1355.006.2017092210815.hdf,2017-04-02 13:55,6,91965,B,180,-66.666902256057,-89.9901882438353,-180,-105.592013016,-37.4160436472502,99.5104034395045,-155.599048840578,-66.6655273013305,-76.3326128302786,-84.3884863652907,-70.0798074797588
MOD03.A2017092.1400.006.2017092210543.hdf,2017-04-02 14:00,6,91965,N,-155.636495553522,-60.5609008820309,-85.5325381279556,96.4992558324315,-155.629724851332,93.1226895539836,117.922835154841,166.850901120507,-70.4438297114976,-84.6448696235204,-67.1160211440524,-60.2873504841471
MOD03.A2017092.1405.006.2017092210404.hdf,2017-04-02 14:05,6,91965,N,166.254279992711,-45.2967949077593,-67.6895595493012,117.763821432027,166.255833938382,117.146564412732,118.136128020276,150.046663911671,-60.6219365940754,-67.6071362565302,-49.4107302327165,-45.1173473767201
MOD03.A2017092.1410.006.2017092210308.hdf,2017-04-02 14:10,6,91965,N,149.474583988302,-28.4485033223539,-49.8561421048312,116.407739546437,149.476195328367,117.911681868623,116.388669136395,141.112647540205,-45.3689239997099,-49.871276076493,-31.6439164401387,-28.3407229681602
MOD03.A2017092.1415.006.2017092210309.hdf,2017-04-02 14:15,6,91965,N,140.669764204642,-10.9644885594608,-31.9886577275079,113.747598389326,140.673711666937,116.322211386186,113.725039205688,135.338776939164,-28.5220917376672,-32.0100705015277,-13.8611967527778,-10.9102898004163
MOD03.A2017092.1420.006.2017092210315.hdf,2017-04-02 14:20,6,91965,N,135.041775072529,6.82251055833986,-14.0792810768857,110.218523547593,135.047104541351,113.741800844109,110.211100631769,131.121669223189,-11.0380090311703,-14.0989116759383,3.86665771503289,6.84006354495263
MOD03.A2017092.1425.006.2017092210309.hdf,2017-04-02 14:25,6,91966,N,130.987869294993,24.7393846484012,3.78599516030956,105.437764674628,131.038152755522,110.229302001974,105.380130920259,127.876946128511,6.75425128130338,3.76869847537932,21.525712770735,24.8671910311593
MOD03.A2017092.1430.006.2017092210401.hdf,2017-04-02 14:30,6,91966,N,127.899897393971,42.6767341563072,21.4665481951743,98.4095458327497,128.123715799388,105.454091867705,98.1842390535713,125.584483939294,24.6799085793609,21.4523131393823,38.7448221985034,42.9282988263208
MOD03.A2017092.1435.006.2017092210316.hdf,2017-04-02 14:35,6,91966,N,125.626410956998,60.5796034873879,38.7413421134555,85.8553507751696,126.064209252245,98.4348065460838,85.6388287359986,124.593526878117,42.6082838796133,38.7355608920826,54.9418035050041,60.9243354328174
MOD03.A2017092.1440.006.2017092210318.hdf,2017-04-02 14:40,6,91966,N,129.33118866723,78.5002309608976,54.9549640109103,58.1856470719144,125.393190527614,85.9202802663465,57.7844319490863,129.570412050461,60.4717518524402,54.9501419834132,67.7842935273049,78.7067436945373
MOD03.A2017092.1445.006.2017092210606.hdf,2017-04-02 14:45,6,91966,B,180,89.9930949639655,67.9970323348917,-180,131.037377670104,58.3522347321114,5.91687848294919,-84.7392924530971,78.1345748338694,67.9963042177396,69.8187007506988,82.6399453308727
MOD03.A2017092.1450.006.2017092210513.hdf,2017-04-02 14:50,6,91966,D,5.73823116598386,83.5358147147964,59.0774111036753,-86.3786868243179,-88.9014158244732,5.74026645580257,-28.7837236922933,-73.7002581270201,83.0086434885218,70.1935801902815,58.8333198928379,65.0831590272892
MOD03.A2017092.1455.006.2017092210335.hdf,2017-04-02 14:55,6,91966,D,-29.3634334944239,65.6147062545597,43.368049219469,-74.1043672813944,-74.4358580197428,-29.361954911226,-44.0848438119039,-74.1011288463318,65.5730989828978,59.1372876168912,43.219911573977,47.2848026002467
MOD03.A2017092.1500.006.2017092210324.hdf,2017-04-02 15:00,6,91966,D,-44.5748650317123,47.7141497835689,26.3109994303388,-76.1169689349537,-74.4270455302874,-44.5717281523362,-52.3726242822688,-76.1386404819015,47.7332513640861,43.437179924172,26.2301608768098,29.4567418316865
MOD03.A2017092.1505.006.2017092210326.hdf,2017-04-02 15:05,6,91966,D,-52.7119431784465,29.784253712742,8.71764289382359,-78.9728548353499,-76.2880533865305,-52.7069021658497,-57.801880395303,-78.9954085234452,29.8134608122143,26.381425230377,8.68447611659226,11.6490920516933
MOD03.A2017092.1510.006.2017092210357.hdf,2017-04-02 15:10,6,91966,D,-57.9851755428004,11.8524621884587,-9.11291629810823,-82.719867001668,-79.0714551763274,-57.9788889178069,-61.7916336656271,-82.7265387912189,11.8838659258096,8.78964111174377,-9.12249576071943,-6.05890325925402
MOD03.A2017092.1515.006.2017092210338.hdf,2017-04-02 15:15,6,91966,D,-61.8052790689637,-5.98571183828018,-27.0213052224245,-87.8040869525442,-82.7479693181856,-61.6416582252491,-64.7203223902399,-87.8118737250993,-5.96013486935973,-9.05845959400257,-27.1650100039559,-23.6511945162022
MOD03.A2017092.1520.006.2017092210343.hdf,2017-04-02 15:20,6,91966,D,-64.6954202748837,-23.5777965309066,-44.9071087330282,-95.4420441993643,-87.7861882928654,-64.3455676720648,-66.7536954476812,-95.5030122257622,-23.5614399933821,-26.9666236122501,-45.1765638438971,-40.7138228186766
MOD03.A2017092.1525.006.2017092210408.hdf,2017-04-02 15:25,6,91966,D,-66.7116458999653,-40.6586307870985,-62.7379922826142,-109.10066464841,-95.4041032658711,-66.1511514732992,-67.2205425507837,-109.329164083096,-40.6467358449375,-44.8352048388377,-63.0761329639554,-56.5308338206401
MOD03.A2017092.1530.006.2017092210531.hdf,2017-04-02 15:30,6,91966,D,-59.3657047124584,-56.550074931568,-80.5797907366592,-139.507410337533,-109.022555897079,-66.318867073208,-58.8731558283353,-139.825848450006,-56.5445881719331,-62.6013698439932,-80.6778449703077,-68.4859187716178
MOD03.A2017092.1535.006.2017092210845.hdf,2017-04-02 15:35,6,91966,B,180,-68.6925043506874,-89.9914259645897,-180,-139.313294006065,-57.8209661211013,85.7089824577486,168.727028238656,-68.6917919696014,-80.0916436895772,-80.6831233706092,-68.7914967010889
MOD03.A2017092.1540.006.2017092210524.hdf,2017-04-02 15:40,6,91966,N,168.473849392248,-57.3933853837887,-81.540419280733,84.5987046945328,168.479944307896,82.3126540935727,93.5670485495627,137.186048425155,-69.167214794564,-81.0731438831385,-63.165072226457,-57.1429993898148
MOD03.A2017092.1545.006.2017092210354.hdf,2017-04-02 15:45,6,91966,N,136.573832400175,-41.61295417138,-63.697505508016,93.1218625370768,136.575235978418,93.0056067809671,93.122533708109,122.895522889256,-57.4584590543835,-63.6565211383113,-45.4386733803888,-41.4516340365216
MOD03.A2017092.1550.006.2017092210330.hdf,2017-04-02 15:50,6,91966,N,122.349619716938,-24.5764213536164,-45.8656124683296,91.1545528551201,122.35184388087,92.9409757524548,91.1327968272144,114.908093461332,-41.6859701449537,-45.88305101678,-27.6651248360271,-24.4819176839616
MOD03.A2017092.1555.006.2017093055944.hdf,2017-04-02 15:55,6,91966,N,114.496112008431,-7.00507051933739,-27.9838856043683,88.3164127127367,114.500454901285,91.0937119627418,88.2956704534208,109.570699329877,-24.650264474996,-28.0058140183369,-9.88717336340463,-6.96026086417126
MOD03.A2017092.1600.006.2017093055949.hdf,2017-04-02 16:00,6,91966,N,109.30400370394,10.8230323493714,-10.0753147730463,84.5561007341043,109.314097988191,88.3217845755126,84.5480407270473,105.595321436116,-7.07832168821805,-10.0943232449866,7.83423612965527,10.8563463166158
MOD03.A2017092.1605.006.2017093055943.hdf,2017-04-02 16:05,6,91967,N,105.50555371102,28.7489087654837,7.76250239784488,79.3901092357977,105.556389645203,84.5681911699793,79.3125755634517,102.528894201883,10.7542962353314,7.74565864538538,25.4279522578683,28.9064206990406
MOD03.A2017092.1610.006.2017093055944.hdf,2017-04-02 16:10,6,91967,N,102.558083576204,46.6814679245902,25.3744048093433,71.4941601470087,102.811812786125,79.4101852743491,71.29611237867,100.423694112765,28.6890063958545,25.3576544091403,42.4889766709954,46.9557063302431
MOD03.A2017092.1615.006.2017093055940.hdf,2017-04-02 16:15,6,91967,N,100.47338422852,64.584669717588,42.4818081453483,56.8601522016123,101.0335558628,71.5337698318562,56.5425572540396,100.044284596162,46.6106762647848,42.4687930931308,58.2368195409736,64.9194094627327
MOD03.A2017092.1620.006.2017093055951.hdf,2017-04-02 16:20,6,91967,B,110.191115648312,82.5068969126048,58.2967018700508,23.3002189695025,100.941424253472,56.9390896035817,22.9745413341859,110.944120124683,64.4487344443276,58.2929694308147,69.5600045666856,82.5645988412572
MOD03.A2017092.1625.006.2017093060310.hdf,2017-04-02 16:25,6,91967,D,180,89.9966590515328,68.5619933467556,-180,112.473442648768,23.4995530313338,-28.9720252970164,-103.406471645894,81.9547687899463,69.8263762597343,68.2041471397114,78.8814977900772
MOD03.A2017092.1630.006.2017093060052.hdf,2017-04-02 16:30,6,91967,D,-29.356853179021,79.6181867408587,55.7746014367396,-104.119353939447,-105.783281927251,-29.3406538113626,-57.9845243106135,-98.2467805108244,79.3206163856913,68.5786654345588,55.559114771455,61.1078242178382
MOD03.A2017092.1635.006.2017093060017.hdf,2017-04-02 16:35,6,91967,D,-58.54700810052,61.6114793048581,39.6290445486661,-99.1823302087655,-98.8366596734546,-58.5456729318034,-71.0417461328586,-99.1878281633841,61.5974305981753,55.8378383927391,39.4981639179023,43.3020774582057
MOD03.A2017092.1640.006.2017093060007.hdf,2017-04-02 16:40,6,91967,D,-71.4990445212803,43.711714885439,22.4128608921659,-101.385851493992,-99.4352927960218,-71.4954326794658,-78.480219957943,-101.40905057362,43.7331201897398,39.698893978804,22.3437906685832,25.4732878800511
MOD03.A2017092.1645.006.2017093060028.hdf,2017-04-02 16:45,6,91967,D,-78.7867760103616,25.7738161434088,4.74781130373084,-104.447061083798,-101.562196232842,-78.7815754178183,-83.5114669471721,-104.467034735818,25.8034793281275,22.4833770527806,4.72272620816809,7.6837238407404
MOD03.A2017092.1650.006.2017093060019.hdf,2017-04-02 16:50,6,91967,D,-83.6591824894524,7.85480984048308,-13.1111703390357,-108.435427916861,-104.530376835889,-83.6283912673949,-87.2505807920004,-108.442379834943,7.88574651224475,4.81643462341795,-13.1489480376587,-10.0169905905455
MOD03.A2017092.1655.006.2017093055954.hdf,2017-04-02 16:55,6,91967,D,-87.2407503273609,-9.94392529448638,-31.0216006471304,-113.940686819359,-108.445314596121,-87.0329439940472,-89.9694659392582,-113.948711060968,-9.92160514556317,-13.0587487241304,-31.1951464038059,-27.5249422773777
MOD03.A2017092.1700.006.2017093060009.hdf,2017-04-02 17:00,6,91967,D,-89.9404293114432,-27.4518001513067,-48.8924921862541,-122.480855059083,-113.920383603281,-89.5514692015781,-91.7640623270109,-122.572315921546,-27.4370420702812,-30.9640194197481,-49.1879445262593,-44.3977128102743
MOD03.A2017092.1705.006.2017093060049.hdf,2017-04-02 17:05,6,91967,D,-91.5269584362329,-44.3537355188575,-66.7235911974777,-138.536604045874,-122.437222143134,-91.1110718012514,-91.5411087113535,-138.811564602709,-44.3439295352016,-48.814567433587,-67.0512625003831,-59.7158537523247
MOD03.A2017092.1710.006.2017093060211.hdf,2017-04-02 17:10,6,91967,B,-74.3092773753666,-59.7645363896572,-84.5657172304956,-175.01434675444,-138.440596429645,-90.5920814581617,-72.6519721254936,-175.237885976937,-59.760350021006,-66.5498512474218,-84.3820106272535,-69.9015485977488
MOD03.A2017092.1715.006.2017093060431.hdf,2017-04-02 17:15,6,91967,N,180,-67.277431855046,-89.9935446693835,-180,-174.788325953878,-72.0102300845394,65.0710719663772,134.733530199264,-70.1635420018289,-83.7568349127687,-76.9104741929489,-66.9257222444184
MOD03.A2017092.1720.006.2017093060134.hdf,2017-04-02 17:20,6,91967,N,134.277227076693,-54.0569224873901,-77.6419363405866,64.5240395839484,134.279169795902,63.0040414782227,68.9892363645438,108.297450595023,-67.3209063376675,-77.3569581090691,-59.2067802762227,-53.842499767392
MOD03.A2017092.1725.006.2017093060011.hdf,2017-04-02 17:25,6,91967,N,107.727452955398,-37.8770129889848,-59.7108712947008,68.0529532271265,107.728725309346,68.556946116345,68.0459002959985,96.0343068963677,-54.1249796730171,-59.6981262072293,-41.4696681618281,-37.7324164600139
MOD03.A2017092.1730.006.2017093055958.hdf,2017-04-02 17:30,6,91967,N,95.5158109035128,-20.6831573837253,-41.8755275730892,65.869722126079,95.5185862994323,67.90679093977,65.846558362519,88.8271609833689,-37.9500748266345,-41.89474203659,-23.6909112894561,-20.6017642104902
MOD03.A2017092.1735.006.2017093055958.hdf,2017-04-02 17:35,6,91967,N,88.4503210662997,-3.0361184691658,-23.9808674152041,62.8448791200268,88.4549616527726,65.8264909196327,62.826831631396,83.8693605282543,-20.756640720104,-24.0023827273672,-5.92062949032352,-3.00040661590495
MOD03.A2017092.1740.006.2017093055952.hdf,2017-04-02 17:40,6,91967,N,83.6429627541668,14.8254429696966,-6.07819909378912,58.8305647950994,83.6487643850555,62.8509968795054,58.8093295416439,80.1102050996219,-3.10949279731287,-6.09630613333655,11.7941170255941,14.8847316195516
MOD03.A2017092.1745.006.2017093055953.hdf,2017-04-02 17:45,6,91968,N,80.065625778082,32.7559693080612,11.7253441536421,53.2579432072663,80.1111759127239,58.8439827694066,53.1191630751976,77.2105521484651,14.7553990647836,11.7092960270889,29.3020276681717,32.941892102059
MOD03.A2017092.1750.006.2017093055955.hdf,2017-04-02 17:50,6,91968,N,77.2407051699954,50.6835657925929,29.2629591387372,44.3059561283727,77.6466353121649,53.2687758966905,44.1369114184764,75.4662759275477,32.7008674909939,29.2456081133859,46.1816765152815,50.9800877190694
MOD03.A2017092.1755.006.2017093060518.hdf,2017-04-02 17:55,6,91968,N,75.8014379038263,68.5894673852779,46.1667146385387,26.9749379069592,76.0784385149986,44.3500112125529,26.5898236684898,75.7922084324825,50.6064733444812,46.1587028440411,61.3505988548445,68.9134974771241
MOD03.A2017092.1800.006.2017093060547.hdf,2017-04-02 18:00,6,91968,B,102.027114070525,86.5124782982267,61.4536349965939,-13.1183338467064,76.8003076298631,27.0713401806544,-13.2852485738063,105.33277451731,68.4147854191,61.4516007073699,70.6479159725502,86.1171636170678
MOD03.A2017092.1805.006.2017093060859.hdf,2017-04-02 18:05,6,91968,D,180,89.9984131036328,66.3121058777752,-180,105.079558813373,-12.8948036014787,-62.4748047240968,-125.382221028518,85.4725681198282,70.9615904296179,65.9870806813572,74.9634713040118
MOD03.A2017092.1810.006.2017093060536.hdf,2017-04-02 18:10,6,91968,D,-62.974654881964,75.6132857128,52.4047747580956,-125.76727358658,-126.87240683845,-62.9727400515114,-86.3779409839488,-122.962639617841,75.4358571380242,66.3503958173859,52.2108782537357,57.2235383129909
MOD03.A2017092.1815.006.2017093060539.hdf,2017-04-02 18:15,6,91968,D,-86.9268600750501,57.6990860811399,35.8441237616592,-124.331198347054,-123.497499959686,-86.9256451627336,-97.7464056956262,-124.342289225529,57.7019456252062,52.4710113072098,35.7278220112046,39.3184295821641
MOD03.A2017092.1820.006.2017093060530.hdf,2017-04-02 18:20,6,91968,D,-98.176042207224,39.7069440504604,18.4926295824711,-126.740997294697,-124.567530985337,-98.1732354718098,-104.486290875949,-126.765518147795,39.7327759740251,35.9145884695257,18.436686175558,21.4920129191561
MOD03.A2017092.1825.006.2017093060551.hdf,2017-04-02 18:25,6,91968,D,-104.749063153483,21.7670482485664,0.76790186978324,-129.965588062431,-126.874753355083,-104.743407959355,-109.160744364103,-129.982763997725,21.7980489996563,18.5634138817744,0.750254538088701,3.71983683143458
MOD03.A2017092.1830.006.2017093060537.hdf,2017-04-02 18:30,6,91968,D,-109.271652249001,3.86278005932228,-17.1127490748428,-134.223208399538,-130.033259362551,-109.201320176489,-112.65240523016,-134.230394285745,3.89262802120921,0.83109734949049,-17.1813276095057,-13.961779810035
MOD03.A2017092.1835.006.2017093060554.hdf,2017-04-02 18:35,6,91968,D,-112.636804796145,-13.8888243472074,-35.0207799004975,-140.220213487746,-134.213801864162,-112.389873254598,-115.185382228404,-140.228475310902,-13.8703385028782,-17.0607951065538,-35.2232520393084,-31.3707458275893
MOD03.A2017092.1840.006.2017093060540.hdf,2017-04-02 18:40,6,91968,D,-115.153141819435,-31.2976749984003,-52.8750591171764,-149.8639092828,-140.196546322935,-114.719868585504,-116.701063568854,-149.989658670327,-31.2839236180394,-34.9599887468585,-53.1941758676726,-48.0124866102215
MOD03.A2017092.1845.006.2017093060629.hdf,2017-04-02 18:45,6,91968,D,-115.472865120459,-47.9824839989666,-70.7109417981448,-168.970721995867,-149.812370576798,-115.98494138792,-115.449186432791,-169.287077357732,-47.9739265723563,-52.7902489169256,-71.0127860058809,-62.6780345406086
MOD03.A2017092.1850.006.2017093060925.hdf,2017-04-02 18:50,6,91968,B,-64.2265779974843,-62.7623952861986,-88.553040178242,148.285956264466,-168.852043500065,-114.461978464876,-56.5150707088761,148.224424629412,-62.7594345190099,-70.4874897102071,-87.196991043575,-70.5795496030286
MOD03.A2017092.1855.006.2017093060954.hdf,2017-04-02 18:55,6,91968,N,180,-64.8363372367745,-89.9922827015347,-180,148.526415306052,-62.8649700941163,42.4740531097444,102.002023089786,-70.9299790170592,-86.6605359091906,-73.0003474125886,-64.5555408155009
MOD03.A2017092.1900.006.2017093060659.hdf,2017-04-02 19:00,6,91968,N,101.540311768659,-50.6648067580982,-73.6539897816156,42.1566513745641,101.542110150727,41.056342011414,44.241495694831,80.2026935523503,-64.8887007987719,-73.472112131429,-55.3412760270432,-50.4565256345721
MOD03.A2017092.1905.006.2017093060549.hdf,2017-04-02 19:05,6,91968,N,79.5997531215603,-34.09273713713,-55.8126698835412,42.9271505262889,79.6009156437485,43.8960740142464,42.9145975155939,69.4078941789609,-50.7351566098452,-55.8177503119451,-37.4969753720539,-33.9641953904511
MOD03.A2017092.1910.006.2017093060538.hdf,2017-04-02 19:10,6,91968,N,68.9200381855011,-16.7667432305333,-37.8803432768408,40.5456595841487,68.9233051488216,42.80974442085,40.5219760165505,62.853842329764,-34.1661760400625,-37.9008764274786,-19.7148571562153,-16.6969553746209
MOD03.A2017092.1915.006.2017093060527.hdf,2017-04-02 19:15,6,91968,N,62.5096058723386,0.944069526903885,-19.9769663195818,37.350491121345,62.5145338694259,40.5435357280899,37.3349382214408,58.2242307594273,-16.8404090213368,-19.9959395214059,-1.95523553061632,0.971801317292999
MOD03.A2017092.1920.006.2017093060522.hdf,2017-04-02 19:20,6,91968,N,58.0339250317763,18.8323773343866,-2.08077406770631,33.0381107930431,58.0398960058896,37.3596030535507,33.0208824929648,54.6617824237942,0.870613448694737,-2.0959181397393,15.7470300548336,18.9202627251707
MOD03.A2017092.1925.006.2017093060527.hdf,2017-04-02 19:25,6,91969,N,54.6599846170814,36.7726683657453,15.678184157129,26.882757058395,54.8353338348381,33.0528704809922,26.7799355816008,52.0841155982692,18.7727473950829,15.6632837534517,33.1516960123118,36.9866476198769
MOD03.A2017092.1930.006.2017093060537.hdf,2017-04-02 19:30,6,91969,N,52.1185395940889,54.6839536446963,33.1077453566816,16.7707434325653,52.4792594715792,26.9066390641521,16.5152729831051,50.5347521420544,36.7091271424279,33.0963996102448,49.7764372835279,55.0071057240555
MOD03.A2017092.1935.006.2017093060528.hdf,2017-04-02 19:35,6,91969,N,51.983824784738,72.597692363819,49.794809081663,-4.05124654884889,51.206952050345,16.8223092478739,-4.45125289793976,52.0207841050741,54.6000200582086,49.7892843343308,64.2286099219349,72.8952767722435
MOD03.A2017092.1940.006.2017093060825.hdf,2017-04-02 19:40,6,91969,B,180,89.995080422006,64.3647492261017,-180,53.1754918640331,-3.93085292216709,-50.3673465121291,153.043713287115,72.3689505488379,64.3636905238114,70.9349238661398,87.3833913921005
MOD03.A2017092.1945.006.2017093060736.hdf,2017-04-02 19:45,6,91969,D,-50.1953245213494,89.5270490283975,63.6276763962669,141.741315721707,140.293194056905,-50.192293741834,-94.4744198243412,-148.728839996053,87.1622386697763,71.3002144211308,63.3527321886668,71.0092904170023
MOD03.A2017092.1950.006.2017093060612.hdf,2017-04-02 19:50,6,91969,D,-95.0033291798708,71.6043641299434,48.8530645063482,-148.961194886586,-149.855321946274,-95.0016041006631,-114.281420822745,-147.866522191082,71.495283709473,63.6800209821796,48.6669759614978,53.2407755411512
MOD03.A2017092.1955.006.2017093060812.hdf,2017-04-02 19:55,6,91969,D,-114.864125946989,53.6958608919469,32.0947680878327,-149.5040426107,-148.274184859533,-114.836482905385,-124.21963768682,-149.520822946776,53.7136715903648,48.9173709851412,31.9986962512549,35.4130358978562
MOD03.A2017092.2000.006.2017093060817.hdf,2017-04-02 20:00,6,91969,D,-124.590429904626,35.7821677399925,14.5485092034528,-152.108971024184,-149.717284115769,-124.585947195466,-130.379386341417,-152.133297110981,35.8093471897491,32.1644809308806,14.5011194105225,17.5067558182583
MOD03.A2017092.2005.006.2017093060808.hdf,2017-04-02 20:05,6,91969,D,-130.616261184129,17.7536604747347,-3.22616968770426,-155.533546231552,-152.227402135861,-130.610331990295,-134.758019720665,-155.546672941585,17.7850472100407,14.6198103670851,-3.23707879900245,-0.241042454626487
MOD03.A2017092.2010.006.2017093060802.hdf,2017-04-02 20:10,6,91969,D,-134.830893772422,-0.128538692760784,-21.1223277934205,-160.095531992826,-155.586403679046,-134.719348974048,-138.013381145604,-160.102964234956,-0.100127474009333,-3.16770206611929,-21.2218454020346,-17.8965924646023
MOD03.A2017092.2015.006.2017093060812.hdf,2017-04-02 20:15,6,91969,D,-137.992899898098,-17.8237261121431,-39.0240815376203,-166.672994706025,-160.07922755161,-137.705994452077,-140.355094812154,-166.696540211086,-17.8069764036244,-21.0702086979945,-39.2547763093061,-35.184104522199
MOD03.A2017092.2020.006.2017093060808.hdf,2017-04-02 20:20,6,91969,D,-140.319523997588,-35.1158592997385,-56.864532419945,-177.682276887782,-166.64549006448,-139.839031616372,-141.527479675661,-177.845803914167,-35.1031894844276,-38.9589526776032,-57.1994078615475,-51.5451030829755
MOD03.A2017092.2025.006.2017093060925.hdf,2017-04-02 20:25,6,91969,D,-138.718456502939,-51.5319019567435,-74.7044692931413,159.338222982043,-177.620868047772,-140.74123617362,-138.614238929848,158.994233656607,-51.524632051694,-56.7662131093582,-74.9587344022481,-65.3417120291646
MOD03.A2017092.2030.006.2017093061236.hdf,2017-04-02 20:30,6,91969,B,180,-65.4695207225979,-89.9904375374804,-180,159.483810967199,-137.52416808644,-12.558141203322,111.345688830497,-65.4676902372784,-74.4074375304029,-86.0114646606068,-70.4443706284212
MOD03.A2017092.2035.006.2017093061047.hdf,2017-04-02 20:35,6,91969,N,111.396658345022,-62.0445293319098,-87.5036803693151,-18.4192378106328,111.398515678549,-22.1640446739572,18.6729528949272,70.6856402542675,-70.8485797295079,-86.0978412966526,-69.0556497822599,-61.7944573466342
MOD03.A2017092.2040.006.2017093060830.hdf,2017-04-02 20:40,6,91969,N,70.1894330490729,-47.0912401603281,-69.6609047929188,18.4689559169592,70.1910664010636,17.8042245622449,19.3652819524703,52.4863949209302,-62.1031661418532,-69.5542731739144,-51.3687120694435,-46.902552356771
MOD03.A2017092.2045.006.2017093060746.hdf,2017-04-02 20:45,6,91969,N,51.9027592006796,-30.3496798849943,-51.8247290675689,17.760056714711,51.9040313415157,19.1029970663216,17.7428504521273,43.0117156990915,-47.1630725528748,-51.8384254072245,-33.608569413897,-30.2356365633854
MOD03.A2017092.2050.006.2017093060800.hdf,2017-04-02 20:50,6,91969,N,42.556434260677,-12.8295633320178,-33.9659264389707,15.2038885898398,42.5601365788715,17.6908799005263,15.180863918894,36.97456108903,-30.4228664297556,-33.9862899092493,-15.7338238734468,-12.7684156938489
MOD03.A2017092.2055.006.2017093060756.hdf,2017-04-02 20:55,6,91969,N,36.6516031391491,4.93570187872426,-15.9666344042196,11.7673258338247,36.6564200132741,15.1817626625931,11.7577087370632,32.6219001273447,-12.9031217257447,-15.9863769141534,2.00241560563562,4.95634188098179
MOD03.A2017092.2100.006.2017093060755.hdf,2017-04-02 21:00,6,91970,N,32.467938489696,22.8459331032196,1.90823803807324,7.14722465071293,32.503712843752,11.7757838899684,7.10052131093017,29.2741872227712,4.86623369077469,1.89101848416725,19.6788876143714,22.9597466940941
MOD03.A2017092.2105.006.2017093060758.hdf,2017-04-02 21:05,6,91970,N,29.2974130689807,40.7854566186166,19.6169921841593,0.367875462275948,29.5067499503203,7.16391312455076,0.242068577983138,26.8958763286415,22.786444354746,19.602833762463,36.9654237619673,41.0263044712202
MOD03.A2017092.2110.006.2017093060808.hdf,2017-04-02 21:10,6,91970,N,26.9372776536943,58.6906118185761,36.9297982562083,-11.2718925220442,27.3531401662419,0.396158953160533,-11.5546826846299,25.7086799356974,40.7192943054551,36.9191484962293,53.2918016280147,59.0262478393567
MOD03.A2017092.2115.006.2017093060848.hdf,2017-04-02 21:15,6,91970,N,29.0383832462228,76.6096163067923,53.326224744072,-36.4230854475725,26.4575487002453,-11.2096038239929,-36.9119932050057,29.179896081932,58.5921635894613,53.3211720052351,66.7465742970694,76.8541785777987
MOD03.A2017092.2120.006.2017093061121.hdf,2017-04-02 21:20,6,91970,B,180,89.9944585010377,66.9744081715967,-180,30.5183293682785,-36.2770026283353,-87.3351816792132,169.956517837427,76.2958957518167,66.9737211537919,70.4272611136075,84.4622719466742
MOD03.A2017092.2125.006.2017093060827.hdf,2017-04-02 21:25,6,91970,D,-87.3680029075703,85.5144997829718,60.6515611706832,167.083365654372,163.868830326426,-87.366017292988,-125.133980334976,-172.760634625919,84.7555320910359,70.7566413261523,60.3838114281208,67.0437518965841
MOD03.A2017092.2130.006.2017093060813.hdf,2017-04-02 21:30,6,91970,D,-125.739243006883,67.5925256948592,45.1922822665057,-172.907439490805,-173.613463527962,-125.737498341296,-141.776642537555,-172.837378852643,67.5342521150754,60.7086922794761,45.042858378706,49.2499646997418
MOD03.A2017092.2135.006.2017093060811.hdf,2017-04-02 21:35,6,91970,D,-142.256048988201,49.6901810483497,28.2269713928571,-174.731059056883,-173.178057218363,-142.253212055594,-150.523882263816,-174.75145638779,49.7082529135349,45.2610066923922,28.1394747334005,31.423410704515
MOD03.A2017092.2140.006.2017093060824.hdf,2017-04-02 21:40,6,91970,D,-150.881178502606,31.7643233730422,10.6731095282534,-177.500998186787,-174.913733167323,-150.876318493851,-156.175767723437,-177.524415199061,31.7928893475516,28.2970961378154,10.635306540886,13.6099310292512
MOD03.A2017092.2145.006.2017093060804.hdf,2017-04-02 21:45,6,91970,D,-156.378251282108,13.8279323644054,-7.22951045988737,178.843915808561,-177.608757174903,-156.372079804951,-160.308918996609,178.835874624271,13.8597142142739,10.7452196661026,-7.2341107219275,-4.19636899628216
MOD03.A2017092.2150.006.2017093060854.hdf,2017-04-02 21:50,6,91970,D,-160.339165622146,-4.11453190073239,-25.1357632414157,173.936562039838,178.80672265289,-160.188294592972,-163.334888704478,173.928889820661,-4.08811405107295,-7.17401270258817,-25.2652611531848,-21.8160534953954
MOD03.A2017092.2155.006.2017093060806.hdf,2017-04-02 21:55,6,91970,D,-163.309864183328,-21.7434562999993,-43.027801082095,166.669071451402,173.954850216197,-162.981341300671,-165.471157544936,166.621562290687,-21.7275400332511,-25.0820111309139,-43.2852897857676,-38.9579985283329
MOD03.A2017092.2200.006.2017093060851.hdf,2017-04-02 22:00,6,91970,D,-165.433507739507,-38.8973325391994,-60.8605430800165,153.952408735152,166.700986646401,-164.902446454726,-166.204661409601,153.747099423694,-38.8857934834939,-42.9580172718852,-61.2009620939617,-54.9692978466494
MOD03.A2017092.2205.006.2017093060710.hdf,2017-04-02 22:05,6,91970,D,-160.568053342172,-54.9772919745083,-78.702271612022,126.18847182809,154.026326768859,-165.340347556968,-160.269383534508,125.810045645971,-54.9713245657262,-60.7389220203,-78.8680330264167,-67.6006465114208
MOD03.A2017092.2210.006.2017093061032.hdf,2017-04-02 22:10,6,91970,B,180,-67.804499454726,-89.9882202357826,-180,126.361367790993,-159.027100511965,-17.3674534862486,75.0418441428403,-67.8038015419404,-78.2844426700673,-82.5287139535205,-69.5387295801629
MOD03.A2017092.2215.006.2017093060728.hdf,2017-04-02 22:15,6,91970,N,74.9170313206485,-58.9771540050117,-83.5061463683022,-19.1126564960239,74.9190326223758,-21.6392323628181,-5.46560802337828,40.6210812519216,-69.8845144907407,-82.8863607481186,-65.107740291039,-58.7162887174806
MOD03.A2017092.2220.006.2017093060536.hdf,2017-04-02 22:20,6,91970,N,40.0159461383048,-43.4338695854581,-65.6629781130748,-5.61008545206391,40.0174214601873,-6.10910938309998,-5.60468720722299,25.1685344392828,-59.0403088937723,-65.604247456351,-47.3941859749673,-43.2639720446448
MOD03.A2017092.2225.006.2017093060514.hdf,2017-04-02 22:25,6,91970,N,24.6098560008742,-26.4919869494739,-47.8311406485919,-7.46309110546144,24.6117862078909,-5.80985597724382,-7.48363211255885,16.738096187758,-43.5064880034769,-47.8475586950021,-29.625088782439,-26.3853910306302
MOD03.A2017092.2230.006.2017093060518.hdf,2017-04-02 22:30,6,91970,N,16.2827826984275,-8.9553093781923,-29.9563155579277,-10.2110469423414,16.2959430960576,-7.53151571995576,-10.2331120721964,11.1754058783774,-26.5634201171202,-29.9807056850397,-11.8411268580169,-8.90934366921142
MOD03.A2017092.2235.006.2017093060526.hdf,2017-04-02 22:35,6,91970,N,10.91497726592,8.85285427770206,-12.0465350270758,-13.8550465480794,10.9204312824138,-10.2094386996492,-13.8609971429118,7.10317548245967,-9.0288294302664,-12.0653134317271,5.87791857269978,8.87490764093238
MOD03.A2017092.2240.006.2017093060516.hdf,2017-04-02 22:40,6,91971,N,6.98604511353891,26.8648697333871,5.805892358221,-18.8577037971673,7.05378429184098,-13.8436222634116,-18.9201961211299,3.94494994775142,8.78634691446793,5.78858272692828,23.5960081070234,27.0083146958528
MOD03.A2017092.2245.006.2017093060518.hdf,2017-04-02 22:45,6,91971,N,3.97301210800705,44.8000275625102,23.5388321314439,-26.3736404097724,4.22604172208902,-18.8380356583168,-26.5366439181475,1.7704940198936,26.8055003491333,23.5242893777082,40.7351866462373,45.0655520072682
MOD03.A2017092.2250.006.2017093060518.hdf,2017-04-02 22:50,6,91971,N,1.81100830396683,62.7026912193223,40.7131765519719,-39.9238053014142,2.28587002951621,-26.3405707580954,-40.2491193407457,1.0479351964933,44.7300446699386,40.7032978957992,56.68548508744,63.0414576971155
MOD03.A2017092.2255.006.2017093060610.hdf,2017-04-02 22:55,6,91971,N,8.03981335846748,80.6247720636437,56.7446422755814,-70.5894977252188,1.8876802934739,-39.8488360960072,-70.9704476843276,8.46906035161224,62.5811453524817,56.7408182061839,68.8001734206333,80.769403951715
MOD03.A2017092.2300.006.2017093060832.hdf,2017-04-02 23:00,6,91971,B,180,89.9917830984292,69.0476679901389,-180,9.98608157248732,-70.4077554877743,-123.169894271103,155.517695647972,80.1799092557,69.0469641740732,69.059594785254,80.7022590497707
MOD03.A2017092.2305.006.2017093060540.hdf,2017-04-02 23:05,6,91971,D,-123.443122161604,81.4992433558065,57.4183840510702,154.486628291909,152.583173659126,-123.441080390054,-154.764272847678,162.855446535406,81.1198194130311,69.4280942613664,57.1867924484218,63.0651641778875
MOD03.A2017092.2310.006.2017093060548.hdf,2017-04-02 23:10,6,91971,D,-155.343983759354,63.5784672768696,41.4720437157625,162.113881473495,162.154481902461,-155.342580456596,-168.865505296394,162.112596913456,63.5507717067745,57.4801552597036,41.3326556308937,45.2597377175443
MOD03.A2017092.2315.006.2017093060540.hdf,2017-04-02 23:15,6,91971,D,-169.339849836809,45.6779910847364,24.3288290957234,159.998760891497,161.825569693198,-169.336472820929,-176.702688588542,159.975910994838,45.699310503636,41.5414249747866,24.2541657873552,27.4282059632147
MOD03.A2017092.2320.006.2017093060539.hdf,2017-04-02 23:20,6,91971,D,-177.025219302075,27.74295816153,6.69605251900527,157.048438641613,159.836957481067,-177.020019575263,178.077160244717,157.026898182809,27.7727788219055,24.3992574720386,6.66706316211337,9.62687309366764
MOD03.A2017092.2325.006.2017093060559.hdf,2017-04-02 23:25,6,91971,D,177.911400311878,9.81492130738537,-11.1511729773876,153.180197085118,156.957684747561,177.923411826589,174.208864082153,153.173375778116,9.84614068795834,6.76746460573096,-11.1737863117355,-8.07802626802785
MOD03.A2017092.2330.006.2017093060540.hdf,2017-04-02 23:30,6,91971,D,174.216102873867,-8.0051173212854,-29.1500815621868,147.86382348851,153.167230334889,174.409044227553,171.385198679085,147.857962628406,-7.98235375704397,-11.0987358551164,-29.3102377950241,-25.7170636758054
MOD03.A2017092.2335.006.2017093060635.hdf,2017-04-02 23:35,6,91971,D,171.414686257302,-25.6446106919908,-47.0289887561172,139.756363875195,147.885448767673,171.786424078539,169.476485812165,139.694631751781,-25.6304203845329,-29.0944777759745,-47.3136704126866,-42.6854178555858
MOD03.A2017092.2340.006.2017093060608.hdf,2017-04-02 23:40,6,91971,D,169.515320797498,-42.6303678387344,-64.8590836069796,124.888034380321,139.794297922254,170.101913744792,169.337557988867,124.636053417578,-42.6199198803929,-46.9538357398262,-65.1938462606527,-58.2467411061122
MOD03.A2017092.2345.006.2017093060815.hdf,2017-04-02 23:45,6,91971,B,-178.941980918151,-58.2818268369069,-82.700931155579,91.383924903132,124.97761284888,170.295733351464,-178.040024105726,91.0560249441675,-58.2771467424994,-64.7036729312523,-82.6808946740828,-69.3198167242197
MOD03.A2017092.2350.006.2017093061103.hdf,2017-04-02 23:50,6,91971,N,180,-68.215903673197,-89.9885453287744,-180,91.5915579930256,-176.714168356552,-35.6804993012546,40.0374754559689,-69.6014801229701,-82.0506667555469,-78.7044437307832,-67.9243345084276
MOD03.A2017092.2355.006.2017093074957.hdf,2017-04-02 23:55,6,91971,N,39.7610805929342,-55.7082249940253,-79.5076875477562,-36.4626375312805,39.7630658454674,-37.9353906092928,-29.9318281453134,11.3936981090427,-68.2559921001191,-79.1562143488087,-61.1440118660589,-55.4696148894895
